60
2
2
2
2
2
2
2
2
2
2
4
4
4
4
4
2
2
2
2
2
2
2
2
2
2
2
2
2
2
2
2
2
2
2
2
2
2
2
2
2
3
3
3
3
3
2
2
2
2
2
2
2
2
2
2
1
1
1
1
1
2
2
2
2
2
0
0
0
0
0
2
2
2
2
2
1
1
1
1
1
1
1
1
1
1
1
1
1
1
1
1
1
1
1
1
0
0
0
0
0
1
1
1
1
1
1
1
1
1
1
0
0
0
0
0
0
0
0
0
0
0
0
0
0
0
0
0
0
0
0
0
0
0
0
0
1
1
1
1
1
1
1
1
1
1
0
0
0
0
0
0
0
0
0
0
0
0
0
0
0
0
0
0
0
0
1
1
1
1
1
1
1
1
1
1
0
0
0
0
0
0
0
0
0
0
0
0
0
0
0
0
0
0
0
0
1
1
1
1
1
1
1
1
1
1
1
1
1
1
1
1
1
1
1
1
1
1
1
1
1
1
1
1
1
1
1
1
1
1
1
0
0
0
0
0
0
0
0
0
0
0
0
0
0
0
0
0
0
0
0
0
0
0
0
0
1
1
1
1
1
2
2
2
2
2
1
1
1
1
1
2
2
2
2
2
2
2
2
2
2
2
2
2
2
2
3
3
3
3
3
2
2
2
2
2
2
2
2
2
2
4
4
4
4
4
5
5
5
5
5
4
4
4
4
4
6
6
6
6
6
8
8
8
8
8
7
7
7
7
7
9
9
9
9
9
9
9
9
9
9
8
8
8
8
8
6
6
6
6
6
4
4
4
4
4
6
6
6
6
6
6
6
6
6
6
6
6
6
6
6
8
8
8
8
8
13
13
13
13
13
12
12
12
12
12
15
15
15
15
15
12
12
12
12
12
18
18
18
18
18
17
17
17
17
17
19
19
19
19
19
17
17
17
17
17
16
16
16
16
16
14
14
14
14
14
19
19
19
19
19
21
21
21
21
21
26
26
26
26
26
23
23
23
23
23
27
27
27
27
27
24
24
24
24
24
32
32
32
32
32
28
28
28
28
28
29
29
29
29
29
24
24
24
24
24
27
27
27
27
27
27
27
27
27
27
22
22
22
22
22
24
24
24
24
24
26
26
26
26
26
22
22
22
22
22
21
21
21
21
21
24
24
24
24
24
21
21
21
21
21
22
22
22
22
22
21
21
21
21
21
17
17
17
17
17
24
24
24
24
24
16
16
16
16
16
20
20
20
20
20
14
14
14
14
14
17
17
17
17
17
15
15
15
15
15
17
17
17
17
17
19
19
19
19
19
13
13
13
13
13
14
14
14
14
14
17
17
17
17
17
15
15
15
15
15
17
17
17
17
17
15
15
15
15
15
16
16
16
16
16
13
13
13
13
13
16
16
16
16
16
15
15
15
15
15
14
14
14
14
14
15
15
15
15
15
11
11
11
11
11
13
13
13
13
13
15
15
15
15
15
16
16
16
16
16
13
13
13
13
13
12
12
12
12
12
12
12
12
12
12
14
14
14
14
14
15
15
15
15
15
13
13
13
13
13
14
14
14
14
14
15
15
15
15
15
14
14
14
14
14
12
12
12
12
12
13
13
13
13
13
13
13
13
13
13
15
15
15
15
15
10
10
10
10
10
15
15
15
15
15
14
14
14
14
14
16
16
16
16
16
13
13
13
13
13
13
13
13
13
13
13
13
13
13
13
14
14
14
14
14
11
11
11
11
11
15
15
15
15
15
19
19
19
19
19
11
11
11
11
11
14
14
14
14
14
16
16
16
16
16
15
15
15
15
15
16
16
16
16
16
17
17
17
17
17
15
15
15
15
15
16
16
16
16
16
19
19
19
19
19
14
14
14
14
14
14
14
14
14
14
16
16
16
16
16
15
15
15
15
15
17
17
17
17
17
15
15
15
15
15
21
21
21
21
21
14
14
14
14
14
21
21
21
21
21
18
18
18
18
18
16
16
16
16
16
16
16
16
16
16
18
18
18
18
18
14
14
14
14
14
14
14
14
14
14
12
12
12
12
12
16
16
16
16
16
15
15
15
15
15
11
11
11
11
11
19
19
19
19
19
16
16
16
16
16
17
17
17
17
17
16
16
16
16
16
12
12
12
12
12
20
20
20
20
20
19
19
19
19
19
18
18
18
18
18
20
20
20
20
20
18
18
18
18
18
20
20
20
20
20
18
18
18
18
18
19
19
19
19
19
21
21
21
21
21
19
19
19
19
19
16
16
16
16
16
19
19
19
19
19
18
18
18
18
18
20
20
20
20
20
26
26
26
26
26
24
24
24
24
24
23
23
23
23
23
24
24
24
24
24
25
25
25
25
25
29
29
29
29
29
28
28
28
28
28
25
25
25
25
25
29
29
29
29
29
23
23
23
23
23
29
29
29
29
29
24
24
24
24
24
20
20
20
20
20
23
23
23
23
23
19
19
19
19
19
23
23
23
23
23
24
24
24
24
24
22
22
22
22
22
23
23
23
23
23
30
30
30
30
30
23
23
23
23
23
21
21
21
21
21
19
19
19
19
19
20
20
20
20
20
18
18
18
18
18
20
20
20
20
20
20
20
20
20
20
16
16
16
16
16
17
17
17
17
17
14
14
14
14
14
16
16
16
16
16
20
20
20
20
20
17
17
17
17
17
19
19
19
19
19
15
15
15
15
15
16
16
16
16
16
15
15
15
15
15
17
17
17
17
17
15
15
15
15
15
13
13
13
13
13
14
14
14
14
14
15
15
15
15
15
13
13
13
13
13
14
14
14
14
14
11
11
11
11
11
12
12
12
12
12
11
11
11
11
11
11
11
11
11
11
11
11
11
11
11
11
11
11
11
11
10
10
10
10
10
6
6
6
6
6
9
9
9
9
9
8
8
8
8
8
8
8
8
8
8
11
11
11
11
11
8
8
8
8
8
6
6
6
6
6
6
6
6
6
6
6
6
6
6
6
4
4
4
4
4
4
4
4
4
4
5
5
5
5
5
7
7
7
7
7
4
4
4
4
4
9
9
9
9
9
6
6
6
6
6
10
10
10
10
10
5
5
5
5
5
8
8
8
8
8
5
5
5
5
5
5
5
5
5
5
5
5
5
5
5
4
4
4
4
4
5
5
5
5
5
6
6
6
6
6
3
3
3
3
3
4
4
4
4
4
5
5
5
5
5
5
5
5
5
5
3
3
3
3
3
5
5
5
5
5
4
4
4
4
4
3
3
3
3
3
3
3
3
3
3
3
3
3
3
3
